% time     seconds  usecs/call     calls    errors syscall
------ ----------- ----------- --------- --------- ------------------
 89.52 1200.984071        1026   1169426    149449 futex
  7.48  100.372114        3277     30627           epoll_pwait
  1.13   15.226943           8   1770899   1765886 readlinkat
  0.45    6.040130           9    634120    227445 statx
  0.22    2.984380           7    407550           pread64
  0.21    2.811827           8    323475    110598 newfstatat
  0.14    1.940646           8    237536           fcntl
  0.11    1.461126           9    158809           pwrite64
  0.09    1.181100        2502       472           clock_nanosleep
  0.09    1.141610           8    128900           close
  0.07    0.971706          10     89647           write
  0.07    0.942971          11     84522     15028 openat
  0.04    0.601591           7     85080           read
  0.03    0.425057          10     38760           rt_sigprocmask
  0.03    0.417393          43      9701           clone
  0.02    0.331843           9     36765           dup
  0.02    0.291764          10     29065           sigaltstack
  0.02    0.254231          10     24304           getpid
  0.02    0.249796          12     19311           flock
  0.02    0.231255           5     40663           ppoll
  0.02    0.218198           8     25225           getcwd
  0.01    0.192030          13     14633           unlinkat
  0.01    0.190664          19      9753           munmap
  0.01    0.185266          18      9921      9663 mkdirat
  0.01    0.181054           7     23470       867 openat2
  0.01    0.173243          11     14664           lseek
  0.01    0.167462           8     20106           fsync
  0.01    0.153278          10     14632           renameat
  0.01    0.143204          14      9660           madvise
  0.01    0.138598          14      9653           ftruncate
  0.01    0.115732          10     11515           mprotect
  0.01    0.114348          11      9704           set_robust_list
  0.01    0.108532          10      9884           mmap
  0.01    0.108242          11      9702           rseq
  0.01    0.103594          14      6988           sched_yield
  0.01    0.101107          10      9694           prctl
  0.01    0.096510           9     10054           getdents64
  0.01    0.091897           9      9705           sched_getaffinity
  0.01    0.079069           8      9702           gettid
  0.00    0.046640           9      5026           fchown
  0.00    0.038542           7      5027           geteuid
  0.00    0.002096           4       449           getppid
  0.00    0.001196          17        68           getrandom
  0.00    0.000240         120         2           recvfrom
  0.00    0.000142          47         3           execve
  0.00    0.000061           3        20           rt_sigaction
  0.00    0.000042           2        18           epoll_ctl
  0.00    0.000040          10         4           pipe2
  0.00    0.000027           9         3           socketpair
  0.00    0.000026           2         9           brk
  0.00    0.000023           2         9           eventfd2
  0.00    0.000022           2         9           epoll_create1
  0.00    0.000016           2         6           prlimit64
  0.00    0.000011           3         3           set_tid_address
  0.00    0.000010           3         3         3 ioctl
  0.00    0.000010           5         2           mremap
  0.00    0.000006           2         3         3 faccessat
  0.00    0.000000           0         6           dup3
  0.00    0.000000           0         2           setpgid
------ ----------- ----------- --------- --------- ------------------
100.00 1341.612732         240   5568969   2278942 total
